2 0.63359375 0.66796875 0.01875 0.0171875
2 0.54921875 0.77734375 0.025 0.01875
2 0.59140625 0.2421875 0.0171875 0.0203125
2 0.5609375 0.14140625 0.01875 0.0171875
2 0.5125 0.69765625 0.0171875 0.015625
2 0.45703125 0.67578125 0.0203125 0.0140625
2 0.49921875 0.7828125 0.015625 0.0140625
2 0.64140625 0.73671875 0.0265625 0.0265625
2 0.2609375 0.5140625 0.0203125 0.015625
2 0.1671875 0.70234375 0.0140625 0.0234375
2 0.08828125 0.71640625 0.0234375 0.0234375
2 0.0921875 0.334375 0.0171875 0.0171875
2 0.51640625 0.32265625 0.0203125 0.0234375
2 0.7078125 0.46875 0.0234375 0.0203125
2 0.92265625 0.45 0.0265625 0.01875
2 0.8578125 0.7703125 0.025 0.028125
2 0.665625 0.8984375 0.034375 0.0375
2 0.7671875 0.7828125 0.0171875 0.0234375
2 0.8109375 0.79609375 0.0234375 0.01875
2 0.7203125 0.771875 0.0140625 0.0203125
2 0.44765625 0.8515625 0.0140625 0.0171875