2 0.08359375 0.40859375 0.02109375 0.03671875
2 0.475 0.1421875 0.02890625 0.0390625
2 0.9234375 0.37734375 0.02890625 0.05234375
2 0.74609375 0.38125 0.02890625 0.0546875
2 0.44765625 0.2421875 0.046875 0.05703125
2 0.353125 0.28359375 0.0234375 0.03125
2 0.50625 0.3203125 0.04453125 0.046875
2 0.35390625 0.6578125 0.04140625 0.0390625
2 0.11328125 0.72109375 0.03359375 0.03125
2 0.19921875 0.7515625 0.02890625 0.03359375
2 0.42421875 0.7734375 0.015625 0.0203125
2 0.33515625 0.7203125 0.021875 0.01953125
2 0.36953125 0.76484375 0.015625 0.021875
2 0.47265625 0.78046875 0.0171875 0.01640625
2 0.52890625 0.68125 0.02578125 0.01953125
2 0.4765625 0.85 0.021875 0.015625
2 0.51640625 0.8515625 0.01328125 0.01328125
2 0.2921875 0.87265625 0.02421875 0.02265625
2 0.41875 0.95859375 0.02421875 0.02890625
2 0.49296875 0.98671875 0.0359375 0.0265625
2 0.81640625 0.740625 0.02734375 0.03125
2 0.88671875 0.7609375 0.04140625 0.02421875