2 0.346875 0.65078125 0.01484375 0.0171875
2 0.2296875 0.578125 0.015625 0.0234375
2 0.765625 0.5640625 0.01796875 0.015625
2 0.86328125 0.5234375 0.01484375 0.0171875
2 0.3046875 0.5328125 0.0140625 0.01484375
2 0.32109375 0.47578125 0.01328125 0.01953125
2 0.21875 0.52890625 0.01328125 0.0140625
2 0.2796875 0.665625 0.02578125 0.0234375
2 0.4609375 0.2640625 0.0140625 0.01875
2 0.2640625 0.18984375 0.021875 0.01328125
2 0.24140625 0.11328125 0.02265625 0.021875
2 0.621875 0.07734375 0.01640625 0.015625
2 0.678125 0.49765625 0.02109375 0.01953125
2 0.553125 0.703125 0.01953125 0.02109375
2 0.59375 0.91484375 0.01484375 0.025
2 0.26875 0.884375 0.0265625 0.02265625
2 0.12109375 0.70625 0.03515625 0.03046875
2 0.246875 0.7953125 0.02109375 0.01640625
2 0.23828125 0.83984375 0.0171875 0.021875
2 0.25234375 0.74765625 0.01875 0.0125
2 0.14453125 0.484375 0.015625 0.01328125