2 0.32421875 0.11171875 0.040625 0.0296875
2 0.14453125 0.55 0.04375 0.0359375
2 0.46796875 0.93984375 0.0578125 0.0390625
2 0.43515625 0.765625 0.059375 0.0390625
2 0.23671875 0.50234375 0.0640625 0.0578125
2 0.2578125 0.4015625 0.0359375 0.0296875
2 0.32578125 0.54375 0.0546875 0.053125
2 0.62421875 0.32421875 0.046875 0.0484375
2 0.6359375 0.07578125 0.0375 0.040625
2 0.68359375 0.153125 0.0390625 0.034375
2 0.7515625 0.36875 0.0234375 0.01875
2 0.68125 0.29296875 0.0234375 0.025
2 0.73203125 0.3171875 0.025 0.0203125
2 0.76875 0.41484375 0.01875 0.0203125
2 0.68359375 0.490625 0.0234375 0.028125
2 0.8375 0.4046875 0.0203125 0.025
2 0.84765625 0.44296875 0.0140625 0.0140625
2 0.82109375 0.21953125 0.0265625 0.0296875
2 0.93203125 0.325 0.0328125 0.0296875
2 0.975 0.3921875 0.0328125 0.040625
2 0.80078125 0.759375 0.0359375 0.034375
2 0.8359375 0.82421875 0.0328125 0.0453125