2 0.6203125 0.090625 0.0390625 0.025
2 0.85859375 0.5 0.040625 0.03125
2 0.59296875 0.93125 0.0546875 0.03125
2 0.6015625 0.75390625 0.05625 0.03125
2 0.7609375 0.465625 0.059375 0.05
2 0.72578125 0.36875 0.0328125 0.025
2 0.67890625 0.51875 0.05 0.046875
2 0.353125 0.34296875 0.0421875 0.04375
2 0.30625 0.0984375 0.0328125 0.0359375
2 0.2703125 0.18203125 0.0359375 0.0296875
2 0.2328125 0.40546875 0.021875 0.0171875
2 0.29140625 0.3203125 0.0203125 0.0234375
2 0.24453125 0.3515625 0.0234375 0.0171875
2 0.221875 0.453125 0.0171875 0.01875
2 0.3171875 0.51640625 0.0203125 0.0265625
2 0.15234375 0.45234375 0.0171875 0.0234375
2 0.1484375 0.4921875 0.0140625 0.0140625
2 0.14296875 0.26640625 0.0234375 0.0265625
2 0.0484375 0.38671875 0.0296875 0.0265625
2 0.01484375 0.459375 0.0296875 0.0375
2 0.2375 0.79921875 0.0328125 0.0296875
2 0.2125 0.8671875 0.028125 0.04375