2 0.34375 0.35234375 0.0171875 0.015625
2 0.4125 0.2328125 0.0234375 0.0171875
2 0.4453125 0.76796875 0.015625 0.01875
2 0.4890625 0.8640625 0.0171875 0.015625
2 0.46015625 0.30625 0.015625 0.0140625
2 0.51796875 0.3203125 0.01875 0.0125
2 0.4609375 0.2203125 0.0140625 0.0125
2 0.3265625 0.2859375 0.025 0.0265625
2 0.734375 0.45234375 0.01875 0.0140625
2 0.8015625 0.253125 0.0125 0.021875
2 0.87734375 0.228125 0.021875 0.021875
2 0.9265625 0.60703125 0.015625 0.015625
2 0.50859375 0.678125 0.01875 0.021875
2 0.29921875 0.56015625 0.021875 0.01875
2 0.0890625 0.6078125 0.025 0.015625
2 0.1078125 0.28203125 0.0234375 0.0265625
2 0.28046875 0.12890625 0.0328125 0.0359375
2 0.19609375 0.25703125 0.015625 0.021875
2 0.1515625 0.25 0.021875 0.0171875
2 0.24375 0.2609375 0.0125 0.01875
2 0.503125 0.14453125 0.0125 0.015625