0 0.39609375 0.2703125 0.046875 0.059375
0 0.35234375 0.209375 0.05 0.0453125
0 0.328125 0.15 0.021875 0.015625
0 0.415625 0.14765625 0.0203125 0.025
0 0.4625 0.13046875 0.0109375 0.0171875
0 0.446875 0.10234375 0.0203125 0.0203125
0 0.384375 0.3609375 0.0234375 0.025
0 0.41875 0.34765625 0.0328125 0.0296875
0 0.4671875 0.32109375 0.0390625 0.040625
0 0.54296875 0.32265625 0.0203125 0.021875
0 0.61796875 0.234375 0.0390625 0.034375
0 0.6125 0.3109375 0.01875 0.0234375
0 0.74375 0.12265625 0.0328125 0.028125
0 0.78828125 0.1234375 0.0265625 0.0234375
0 0.74296875 0.3203125 0.059375 0.059375
0 0.853125 0.3125 0.0421875 0.0375
0 0.7484375 0.41328125 0.03125 0.0328125
0 0.62421875 0.6203125 0.0421875 0.0421875
0 0.74453125 0.7828125 0.01875 0.0234375
0 0.2078125 0.75546875 0.0421875 0.046875
0 0.2375 0.67578125 0.025 0.0296875
0 0.26171875 0.71796875 0.034375 0.028125
0 0.4125 0.6390625 0.0421875 0.0265625
0 0.3703125 0.63046875 0.028125 0.0265625
0 0.33203125 0.6109375 0.021875 0.025
0 0.2890625 0.52265625 0.046875 0.040625
0 0.353125 0.590625 0.021875 0.028125
0 0.11171875 0.4140625 0.0296875 0.028125