0 0.86796875 0.63515625 0.02890625 0.02109375
0 0.75703125 0.63828125 0.04765625 0.02421875
0 0.3875 0.8015625 0.05703125 0.05546875
0 0.415625 0.72734375 0.05546875 0.0390625
0 0.4875 0.6765625 0.0453125 0.04765625
0 0.5625 0.66328125 0.0265625 0.0234375
0 0.65390625 0.73828125 0.0375 0.04453125
0 0.4546875 0.853125 0.025 0.02421875
0 0.3640625 0.86875 0.0234375 0.02109375
0 0.49765625 0.865625 0.02578125 0.01328125
0 0.7890625 0.83828125 0.02578125 0.0203125
0 0.29453125 0.48515625 0.05390625 0.040625
0 0.325 0.4125 0.03046875 0.02578125
0 0.35390625 0.3828125 0.02578125 0.025
0 0.39453125 0.36171875 0.0375 0.0328125
0 0.37890625 0.17265625 0.0390625 0.02734375
0 0.40625 0.11875 0.02421875 0.03203125
0 0.41875 0.159375 0.01640625 0.021875
0 0.64921875 0.1578125 0.04375 0.03125
0 0.70546875 0.18828125 0.03515625 0.0296875
0 0.44140625 0.115625 0.0171875 0.02265625
0 0.221875 0.3515625 0.0375 0.02578125
0 0.17734375 0.27421875 0.03828125 0.02265625
0 0.11640625 0.303125 0.0234375 0.02734375
0 0.11875 0.375 0.02578125 0.01640625
0 0.14921875 0.44921875 0.0359375 0.0203125
0 0.12265625 0.625 0.0234375 0.01796875
0 0.39765625 0.64765625 0.01875 0.02265625
0 0.434375 0.65390625 0.02734375 0.01875
0 0.61171875 0.3609375 0.05078125 0.03984375