0 0.3140625 0.6703125 0.0484375 0.059375
0 0.25078125 0.71015625 0.05 0.0453125
0 0.20546875 0.75546875 0.021875 0.0171875
0 0.284375 0.79140625 0.021875 0.025
0 0.32109375 0.82578125 0.0109375 0.0171875
0 0.2953125 0.8453125 0.0203125 0.0203125
0 0.3390625 0.58359375 0.025 0.025
0 0.365625 0.60859375 0.0328125 0.0296875
0 0.4 0.65234375 0.0390625 0.040625
0 0.4703125 0.6796875 0.0203125 0.021875
0 0.5046875 0.78984375 0.0390625 0.034375
0 0.5296875 0.71796875 0.01875 0.0234375
0 0.5765625 0.94296875 0.0328125 0.028125
0 0.61796875 0.959375 0.0265625 0.0234375
0 0.653125 0.76015625 0.0609375 0.059375
0 0.7515625 0.8109375 0.04375 0.0390625
0 0.69453125 0.67734375 0.03125 0.0328125
0 0.6609375 0.4375 0.0421875 0.0421875
0 0.83515625 0.33515625 0.01875 0.0234375
0 0.33046875 0.15078125 0.0421875 0.046875
0 0.32734375 0.2359375 0.025 0.0296875
0 0.365625 0.20625 0.034375 0.028125
0 0.4734375 0.3375 0.0421875 0.0265625
0 0.43203125 0.32890625 0.0296875 0.0265625
0 0.38828125 0.3328125 0.0234375 0.025
0 0.3140625 0.396875 0.046875 0.040625
0 0.40078125 0.359375 0.021875 0.028125
0 0.10859375 0.42734375 0.0296875 0.028125