0 0.878125 0.39765625 0.0296875 0.025
0 0.76796875 0.384375 0.0484375 0.0296875
0 0.4140625 0.18984375 0.0625 0.0609375
0 0.4359375 0.26640625 0.059375 0.04375
0 0.503125 0.32265625 0.05 0.05
0 0.5765625 0.34296875 0.028125 0.025
0 0.67421875 0.27578125 0.040625 0.046875
0 0.4859375 0.14453125 0.0265625 0.0265625
0 0.396875 0.12109375 0.025 0.0234375
0 0.5296875 0.1359375 0.028125 0.0140625
0 0.8171875 0.18828125 0.0265625 0.021875
0 0.29375 0.496875 0.05625 0.0453125
0 0.31796875 0.571875 0.0328125 0.028125
0 0.34453125 0.60390625 0.0265625 0.0265625
0 0.3828125 0.62890625 0.040625 0.0359375
0 0.35078125 0.815625 0.040625 0.03125
0 0.3734375 0.871875 0.028125 0.0328125
0 0.3890625 0.83203125 0.0171875 0.0234375
0 0.61875 0.85390625 0.046875 0.034375
0 0.67734375 0.828125 0.0375 0.0328125
0 0.4078125 0.878125 0.01875 0.0234375
0 0.21015625 0.6234375 0.0390625 0.028125
0 0.15859375 0.696875 0.0390625 0.025
0 0.10078125 0.6625 0.0265625 0.0296875
0 0.109375 0.59140625 0.0265625 0.0171875
0 0.14609375 0.5203125 0.0375 0.0234375
0 0.13515625 0.34296875 0.025 0.0203125
0 0.4109375 0.34375 0.0203125 0.0234375
0 0.44765625 0.340625 0.0296875 0.021875
0 0.59921875 0.6484375 0.053125 0.0453125