0 0.384375 0.87421875 0.0234375 0.0296875
0 0.375 0.7640625 0.028125 0.0484375
0 0.19296875 0.403125 0.059375 0.059375
0 0.26875 0.42734375 0.0421875 0.0578125
0 0.32265625 0.496875 0.0484375 0.0484375
0 0.33984375 0.57109375 0.025 0.028125
0 0.2703125 0.66640625 0.0453125 0.0390625
0 0.1453125 0.4734375 0.0265625 0.0265625
0 0.125 0.38359375 0.0234375 0.025
0 0.134375 0.51640625 0.0140625 0.025
0 0.17734375 0.80625 0.021875 0.028125
0 0.50390625 0.29375 0.04375 0.0546875
0 0.578125 0.3203125 0.0265625 0.0328125
0 0.609375 0.34765625 0.0265625 0.0265625
0 0.6328125 0.3875 0.034375 0.0390625
0 0.8203125 0.36171875 0.0296875 0.040625
0 0.87578125 0.38671875 0.0328125 0.0265625
0 0.8359375 0.40078125 0.0234375 0.0171875
0 0.84921875 0.63125 0.0328125 0.0453125
0 0.821875 0.6890625 0.03125 0.0359375
0 0.88046875 0.42109375 0.0234375 0.01875
0 0.63359375 0.21484375 0.0265625 0.0390625
0 0.70859375 0.165625 0.0234375 0.0390625
0 0.6765625 0.10625 0.0296875 0.025
0 0.6046875 0.1125 0.0171875 0.0265625
0 0.53203125 0.146875 0.021875 0.0375
0 0.35546875 0.1296875 0.0203125 0.025
0 0.346875 0.40546875 0.0234375 0.0203125
0 0.34296875 0.4421875 0.0203125 0.0296875
0 0.64453125 0.60390625 0.04375 0.0515625