0 0.70546875 0.64609375 0.05234375 0.03671875
0 0.75703125 0.7 0.03671875 0.04453125
0 0.8109375 0.73515625 0.01171875 0.0203125
0 0.8296875 0.65 0.02109375 0.0171875
0 0.85546875 0.60703125 0.01484375 0.0078125
0 0.88046875 0.628125 0.0171875 0.0171875
0 0.61484375 0.63984375 0.02109375 0.0203125
0 0.634375 0.60859375 0.02578125 0.02734375
0 0.66953125 0.56640625 0.03515625 0.0328125
0 0.68203125 0.49140625 0.01875 0.0171875
0 0.7828125 0.43515625 0.02734375 0.034375
0 0.70703125 0.42578125 0.0203125 0.01640625
0 0.9171875 0.3328125 0.0234375 0.02734375
0 0.925 0.2890625 0.01875 0.0234375
0 0.72265625 0.29609375 0.05 0.0515625
0 0.7515625 0.1890625 0.03125 0.0375
0 0.6328125 0.27265625 0.02890625 0.0265625
0 0.40546875 0.35546875 0.0359375 0.0359375
0 0.26875 0.20625 0.0203125 0.01484375
0 0.19375 0.73828125 0.040625 0.03359375
0 0.27734375 0.72421875 0.0265625 0.0203125
0 0.240625 0.6921875 0.02109375 0.03046875
0 0.346875 0.559375 0.01953125 0.0390625
0 0.346875 0.60234375 0.02265625 0.02578125
0 0.359375 0.64375 0.02265625 0.01875
0 0.4375 0.703125 0.0328125 0.03984375
0 0.3828125 0.6265625 0.02421875 0.0171875
0 0.51015625 0.89765625 0.0234375 0.02421875